   1.3688471960839961     
   1.3518699225787993     
   1.3389939048519974     
   1.3297722301561816     
   1.2852160722249359     
   1.1663400843047478     
  0.97028489854009303     
  0.73040412551890999     
  0.49390700738259952     
  0.29837249974492841     
  0.16007831697839769     
   7.5687023974752188E-002
   3.1207460692464755E-002
   1.1060134519717319E-002
   3.3020731938523508E-003
   8.0690179227553473E-004
   1.5451180591193327E-004
   2.1581345848618159E-005
   1.9178139421491990E-006
   7.6445383655381069E-008
   1.3492187328649203     
   1.3418823903343224     
   1.3360935236148102     
   1.3212763361830799     
   1.2621933996542050     
   1.1302412392159578     
  0.92913934986705426     
  0.69272257039509300     
  0.46489063695268806     
  0.27917796105178627     
  0.14907310744374441     
   7.0213105607348503E-002
   2.8858041827106572E-002
   1.0199754825771653E-002
   3.0380598321413281E-003
   7.4085838613946367E-004
   1.4160540123292693E-004
   1.9745918372607137E-005
   1.7520242144958015E-006
   6.9732573383955779E-008
   1.3378201933084897     
   1.3355514710202130     
   1.3271938753733037     
   1.2947622476508236     
   1.2109820513141807     
   1.0606953654728717     
  0.85518524783352767     
  0.62753318321055251     
  0.41584317141234989     
  0.24722157065815598     
  0.13094348475073064     
   6.1265294077837061E-002
   2.5040527823721216E-002
   8.8084397495178605E-003
   2.6128206791585082E-003
   6.3484322867739305E-004
   1.2094830147572437E-004
   1.6815879576464137E-005
   1.4879848313573233E-006
   5.9065859020593309E-008
   1.3256214197358684     
   1.3172021698930623     
   1.2914033502713613     
   1.2311368299025409     
   1.1197624311292858     
  0.95417934653229386     
  0.75091049966029533     
  0.54003645094982033     
  0.35205341245298200     
  0.20653836696898756     
  0.10821245858247405     
   5.0173999545675113E-002
   2.0350626965073646E-002
   7.1115275921280240E-003
   2.0973116660997671E-003
   5.0698704754608261E-004
   9.6147653741472604E-005
   1.3312184804087209E-005
   1.1734020386609293E-006
   4.6401928324603418E-008
   1.2691230751349649     
   1.2484689324396718     
   1.2000130010191046     
   1.1133959445696848     
  0.98260913278913475     
  0.81318521350398854     
  0.62347039256076719     
  0.43852236623257607     
  0.28061746425827599     
  0.16210799291860398     
   8.3843966341293721E-002
   3.8452073807124787E-002
   1.5450111961682299E-002
   5.3549287908518511E-003
   1.5678712466867827E-003
   3.7656689279762462E-004
   7.1000270244973512E-005
   9.7783861153260086E-006
   8.5765995606553384E-007
   3.3751127070863703E-008
   1.1346760276714507     
   1.1042579950566178     
   1.0404555152373178     
  0.94053089650353239     
  0.80667517637722475     
  0.64911829642371977     
  0.48505625208463998     
  0.33355204249478237     
  0.20933885956933762     
  0.11893950748877342     
   6.0646587454526474E-002
   2.7472749298615783E-002
   1.0920322517782015E-002
   3.7490914391659852E-003
   1.0884313245398652E-003
   2.5943258531627573E-004
   4.8578387667248110E-005
   6.6481022964107354E-006
   5.7964767754641394E-007
   2.2676904409489827E-008
  0.92757559249232702     
  0.89432563922183439     
  0.82829857606739488     
  0.73207558765879477     
  0.61234117704056634     
  0.48045010095464064     
  0.35054860087498024     
  0.23588497343749976     
  0.14521571714561007     
   8.1117496514371681E-002
   4.0747595646658433E-002
   1.8216194949163156E-002
   7.1562344550762059E-003
   2.4310990004947851E-003
   6.9912997719342540E-004
   1.6521389953420992E-004
   3.0694032411315596E-005
   4.1702080387720223E-006
   3.6112018929148086E-007
   1.4031845938398159E-008
  0.68563223443837384     
  0.65612503993412685     
  0.59929171095271339     
  0.51994805818529344     
  0.42581607628241491     
  0.32685354645271603     
  0.23342652306332110     
  0.15394312223041115     
   9.3034941195814277E-002
   5.1104882187470592E-002
   2.5285309750406246E-002
   1.1150062257166648E-002
   4.3263262555585302E-003
   1.4532698197357631E-003
   4.1366015415799469E-004
   9.6839464513546726E-005
   1.7836227738210072E-005
   2.4038749982683190E-006
   2.0657949109394188E-007
   7.9657722334060581E-009
  0.45529931782340272     
  0.43315503121578280     
  0.39129493282984551     
  0.33444223191534916     
  0.26914052395426213     
  0.20275999637699166     
  0.14209647530602088     
   9.2010967231664270E-002
   5.4650292031858741E-002
   2.9537755164061388E-002
   1.4396998533425425E-002
   6.2614330113481250E-003
   2.3987303407722814E-003
   7.9636124113189027E-004
   2.2423644064931126E-004
   5.1971980394259341E-005
   9.4838338538167537E-006
   1.2670942875338106E-006
   1.0798540765403119E-007
   4.1291135116536049E-009
  0.27021813841639825     
  0.25589242914449922     
  0.22914515518755310     
  0.19349293760855055     
  0.15347140939052567     
  0.11379363685900570     
   7.8441173327889829E-002
   4.9961006135773492E-002
   2.9201266586289555E-002
   1.5541766044246157E-002
   7.4655509415415405E-003
   3.2026341276383857E-003
   1.2112612665615848E-003
   3.9733613547705235E-004
   1.1063565425824940E-004
   2.5375891815869783E-005
   4.5854756302747100E-006
   6.0700242662141427E-007
   5.1271090112034439E-008
   1.9428005995472081E-009
  0.14249209572294649     
  0.13444190525199981     
  0.11954156337472120     
   9.9946021894991632E-002
   7.8319435300053211E-002
   5.7286197130398425E-002
   3.8921203275758091E-002
   2.4424605752689947E-002
   1.4065849340193608E-002
   7.3784647858013471E-003
   3.4949558160883836E-003
   1.4793229854600592E-003
   5.5240507785140496E-004
   1.7903606529197705E-004
   4.9287380005320604E-005
   1.1184093334162925E-005
   2.0005772229040316E-006
   2.6227571766665592E-007
   2.1945984277752597E-008
   8.2361794651757279E-010
   6.6244483890095351E-002
   6.2314553303159839E-002
   5.5087164666031765E-002
   4.5678218550178014E-002
   3.5429095138224329E-002
   2.5611654955673739E-002
   1.7180231276393194E-002
   1.0638169229812661E-002
   6.0435890153152233E-003
   3.1274917885075193E-003
   1.4617500824832181E-003
   6.1074336703281502E-004
   2.2522819791791885E-004
   7.2128112395771412E-005
   1.9630792074208763E-005
   4.4063130166400683E-006
   7.8003929790728143E-007
   1.0124594749852287E-007
   8.3891623719211543E-009
   3.1166727358408241E-010
   2.6864351948123581E-002
   2.5207395660992719E-002
   2.2175315753543850E-002
   1.8259316339406854E-002
   1.4038048479261928E-002
   1.0044508750583133E-002
   6.6618820968586201E-003
   4.0756172593466866E-003
   2.2866155887542442E-003
   1.1683951743814750E-003
   5.3923062736224074E-004
   2.2250979917143627E-004
   8.1064996052128413E-005
   2.5656662655069827E-005
   6.9040087715582684E-006
   1.5328255049369389E-006
   2.6850952425223210E-007
   3.4496949409334192E-008
   2.8296325537430529E-009
   1.0402144277691954E-010
   9.3656302219793132E-003
   8.7692318682363393E-003
   7.6822606662003386E-003
   6.2874836206706789E-003
   4.7969034822975803E-003
   3.4013483385091758E-003
   2.2331471855472347E-003
   1.3513335497741202E-003
   7.4950377394963398E-004
   3.7848064499012738E-004
   1.7260268166190322E-004
   7.0381003870553566E-005
   2.5341965630837616E-005
   7.9289027142659843E-006
   2.1098379157700272E-006
   4.6335356437189362E-007
   8.0311823363774278E-008
   1.0211600990227095E-008
   8.2898149430014183E-010
   3.0144076128589084E-011
   2.7506776567103146E-003
   2.5707543007534219E-003
   2.2439298464300207E-003
   1.8268274864932624E-003
   1.3843193633923153E-003
   9.7369851970339431E-004
   6.3347430102963522E-004
   3.7953396681647631E-004
   2.0829110777295513E-004
   1.0403233678470538E-004
   4.6913234099734311E-005
   1.8914139570781086E-005
   6.7339078976052865E-006
   2.0834715533119221E-006
   5.4833900551601029E-007
   1.1913178413997466E-007
   2.0431166944581271E-008
   2.5707341043464395E-009
   2.0650160360926188E-010
   7.4251727344977378E-012
   6.6116543968514541E-004
   6.1691346522041706E-004
   5.3676049291987620E-004
   4.3494192500232137E-004
   3.2760018041278632E-004
   2.2876361329806261E-004
   1.4760563501565519E-004
   8.7633967088462608E-005
   4.7627239938311952E-005
   2.3545357026841006E-005
   1.0506102025733525E-005
   4.1904278621325685E-006
   1.4758086003450386E-006
   4.5169530433565302E-007
   1.1760694228256918E-007
   2.5280227646139624E-008
   4.2899805699291453E-009
   5.3411661219561725E-010
   4.2446334213143670E-011
   1.5087485812652091E-012
   1.2450033153718908E-004
   1.1599917910532665E-004
   1.0063934252089664E-004
   8.1206771046022028E-005
   6.0833061040081557E-005
   4.2201870957697678E-005
   2.7025413056682441E-005
   1.5911329316113422E-005
   8.5695723140298590E-006
   4.1961122091048340E-006
   1.8537396034874583E-006
   7.3183089551603415E-007
   2.5506607917048156E-007
   7.7250215250372794E-008
   1.9902395927815563E-008
   4.2332263253561711E-009
   7.1082006365703961E-010
   8.7562547952689951E-011
   6.8829527233503795E-012
   2.4176869316952812E-013
   1.7090961052333134E-005
   1.5903086454022713E-005
   1.3761559470740454E-005
   1.1061962289249123E-005
   8.2455664820681629E-006
   5.6858673987504227E-006
   3.6158757213486564E-006
   2.1123610675292925E-006
   1.1280795782821967E-006
   5.4739171534900823E-007
   2.3953702603334525E-007
   9.3638826500870937E-008
   3.2307848232657867E-008
   9.6847141882271373E-009
   2.4692757592462363E-009
   5.1972065952917126E-010
   8.6346454030506808E-011
   1.0522240149742435E-011
   8.1788738008373185E-013
   2.8377654307009143E-014
   1.4910592582844538E-006
   1.3857428189822688E-006
   1.1962559161816071E-006
   9.5817551722387717E-007
   7.1091563786536466E-007
   4.8746240442768058E-007
   3.0796841057737125E-007
   1.7858849900750436E-007
   9.4603433214953377E-008
   4.5507322527489849E-008
   1.9730997693191732E-008
   7.6391198900268074E-009
   2.6095136073372628E-009
   7.7425670325649298E-010
   1.9535198389967476E-010
   4.0680035379073193E-011
   6.6853562152559000E-012
   8.0561075375494647E-013
   6.1888853426543478E-014
   2.1195360742931937E-015
   5.8200805455302126E-008
   5.4025843491914824E-008
   4.6528652488949174E-008
   3.7138708152621095E-008
   2.7429322943379848E-008
   1.8703002062390842E-008
   1.1739242201194091E-008
   6.7573692211427530E-009
   3.5504710456716252E-009
   1.6928503642520352E-009
   7.2708572113079972E-010
   2.7871201834200163E-010
   9.4222759761980319E-011
   2.7656620820599129E-011
   6.9008374081610540E-012
   1.4206705558435457E-012
   2.3073363136498239E-013
   2.7465441230460437E-014
   2.0827068363665564E-015
   7.0293804314919759E-017
