1	20	20	0.0	0.0	(0, 0, 0, 0, 0)	(0, 0, 0, 0, 0)
2	20	22	0.0	0.0	(0, 0, 0, 0, 0)	(0, 0, 0, 0, 0)
3	20	24	0.0	0.0	(0, 0, 0, 0, 0)	(0, 0, 0, 0, 0)
4	20	26	0.0	0.0	(0, 0, 0, 0, 0)	(0, 0, 0, 0, 0)
5	20	28	0.0	0.0	(0, 0, 0, 0, 0)	(0, 0, 0, 0, 0)
6	20	30	0.0	0.0	(0, 0, 0, 0, 0)	(0, 0, 0, 0, 0)
7	28	28	0.0	0.0	(0, 0, 0, 0, 0)	(0, 0, 0, 0, 0)
8	28	30	0.0	0.0	(0, 0, 0, 0, 0)	(0, 0, 0, 0, 0)
9	28	32	0.0	0.0	(0, 0, 0, 0, 0)	(0, 0, 0, 0, 0)
10	28	34	0.0	0.0	(0, 0, 0, 0, 0)	(0, 0, 0, 0, 0)
11	28	36	0.0	0.0	(0, 0, 0, 0, 0)	(0, 0, 0, 0, 0)
12	50	58	0.0	0.0	(0, 0, 0, 0, 0)	(0, 0, 0, 0, 0)
13	50	62	0.0	0.0	(0, 0, 0, 0, 0)	(0, 0, 0, 0, 0)
14	50	64	0.0	0.0	(0, 0, 0, 0, 0)	(0, 0, 0, 0, 0)
15	50	66	0.0	0.0	(0, 0, 0, 0, 0)	(0, 0, 0, 0, 0)
16	50	68	0.0	0.0	(0, 0, 0, 0, 0)	(0, 0, 0, 0, 0)
17	50	70	0.0	0.0	(0, 0, 0, 0, 0)	(0, 0, 0, 0, 0)
18	50	72	0.0	0.0	(0, 0, 0, 0, 0)	(0, 0, 0, 0, 0)
19	50	74	0.0	0.0	(0, 0, 0, 0, 0)	(0, 0, 0, 0, 0)
20	50	80	0.0	0.3	(0, 0, 0, 0, 0)	(0, 0, 0, 0, 0)
21	50	82	0.0	0.3	(0, 0, 0, 0, 0)	(0, 0, 0, 0, 0)
22	50	84	0.0	0.3	(0, 0, 0, 0, 0)	(0, 0, 0, 0, 0)
23	52	82	0.0	0.3	(0, 0, 0, 0, 0)	(0, 0, 0, 0, 0)
24	52	84	-0.006	0.3	(0, 0, 0, 0, 0)	(0, 0, 0, 0, 0)
25	52	86	2.816	0.3	(0, 0, 0, 0, 0)	(0, 0, 0, 0, 0)
26	52	88	4.764	0.3	(0, 0, 0, 0, 0)	(0, 0, 0, 0, 0)
27	54	84	2.977	0.3	(0, 0, 0, 0, 0)	(0, 0, 0, 0, 0)
28	54	86	5.638	0.3	(0, 0, 0, 0, 0)	(0, 0, 0, 0, 0)
29	56	86	6.363	0.3	(0, 0, 0, 0, 0)	(0, 0, 0, 0, 0)
30	56	88	7.975	0.3	(0, 0, 0, 0, 0)	(0, 0, 0, 0, 0)
31	56	90	9.319	0.3	(0, 0, 0, 0, 0)	(0, 0, 0, 0, 0)
32	58	88	8.539	0.3	(0, 0, 0, 0, 0)	(0, 0, 0, 0, 0)
33	58	90	10.881	0.3	(0, 0, 0, 0, 0)	(0, 0, 0, 0, 0)
34	58	92	13.946	0.3	(0, 0, 0, 0, 0)	(0, 0, 0, 0, 0)
35	62	96	18.201	0.3	(0, 0, 0, 0, 0)	(0, 0, 0, 0, 0)
36	62	98	18.805	0.3	(0, 0, 0, 0, 0)	(0, 0, 0, 0, 0)
37	64	88	12.35730678	0.3	(0, 0, 0, 0, 0)	(0, 0, 0, 0, 0)
38	64	90	15.6498246393	0.3	(0, 0, 0, 0, 0)	(0, 0, 0, 0, 0)
39	64	92	17.7226584171	0.3	(0, 0, 0, 0, 0)	(0, 0, 0, 0, 0)
40	64	94	18.7332905809	0.3	(0, 0, 0, 0, 0)	(0, 0, 0, 0, 0)
41	64	96	19.5132880008	0.3	(0, 0, 0, 0, 0)	(0, 0, 0, 0, 0)
42	64	98	20.1838791693	0.3	(0, 0, 0, 0, 0)	(0, 0, 0, 0, 0)
43	66	90	15.2434823547	0.3	(0, 0, 0, 0, 0)	(0, 0, 0, 0, 0)
44	66	92	17.5477867612	0.3	(0, 0, 0, 0, 0)	(0, 0, 0, 0, 0)
45	66	94	17.8469753978	0.3	(0, 0, 0, 0, 0)	(0, 0, 0, 0, 0)
46	66	96	19.5437380853	0.3	(0, 0, 0, 0, 0)	(0, 0, 0, 0, 0)
47	66	98	18.5967791675	0.3	(0, 0, 0, 0, 0)	(0, 0, 0, 0, 0)
48	66	100	20.7942261735	0.3	(0, 0, 0, 0, 0)	(0, 0, 0, 0, 0)
49	66	102	21.0856870294	0.3	(0, 0, 0, 0, 0)	(0, 0, 0, 0, 0)
50	68	102	19.7445022346	0.3	(0, 0, 0, 0, 0)	(0, 0, 0, 0, 0)
51	68	104	20.8042711038	0.3	(0, 0, 0, 0, 0)	(0, 0, 0, 0, 0)
52	70	100	21.0608023836	0.3	(0, 0, 0, 0, 0)	(0, 0, 0, 0, 0)
53	70	108	22.7384076406	0.3	(0, 0, 0, 0, 0)	(0, 0, 0, 0, 0)
54	72	104	20.9195545938	0.3	(0, 0, 0, 0, 0)	(0, 0, 0, 0, 0)
55	82	116	0.0	0.0	(0, 0, 0, 0, 0)	(0, 0, 0, 0, 0)
56	82	118	0.0	0.0	(0, 0, 0, 0, 0)	(0, 0, 0, 0, 0)
57	82	120	0.0	0.0	(0, 0, 0, 0, 0)	(0, 0, 0, 0, 0)
58	82	122	0.0	0.0	(0, 0, 0, 0, 0)	(0, 0, 0, 0, 0)
59	82	124	0.0	0.0	(0, 0, 0, 0, 0)	(0, 0, 0, 0, 0)
60	82	126	0.0	0.0	(0, 0, 0, 0, 0)	(0, 0, 0, 0, 0)
61	82	128	0.0	0.0	(0, 0, 0, 0, 0)	(0, 0, 0, 0, 0)
62	82	130	0.0	0.0	(0, 0, 0, 0, 0)	(0, 0, 0, 0, 0)
63	82	132	0.0	0.0	(0, 0, 0, 0, 0)	(0, 0, 0, 0, 0)
64	90	142	33.1521192077	0.3	(0, 0, 0, 0, 0)	(0, 0, 0, 0, 0)
65	92	142	33.6298101981	0.3	(0, 0, 0, 0, 0)	(0, 0, 0, 0, 0)
66	92	144	34.110230866	0.3	(0, 0, 0, 0, 0)	(0, 0, 0, 0, 0)
67	92	144	79.5905386874	0.6	(0, 0, 0, 0, 0)	(0, 0, 0, 0, 0)
68	92	146	34.5933734787	0.3	(0, 0, 0, 0, 0)	(0, 0, 0, 0, 0)
69	92	146	80.7178714502	0.6	(0, 0, 0, 0, 0)	(0, 0, 0, 0, 0)
70	94	144	34.5933734787	0.3	(0, 0, 0, 0, 0)	(0, 0, 0, 0, 0)
71	94	146	35.0792303899	0.3	(0, 0, 0, 0, 0)	(0, 0, 0, 0, 0)
72	94	146	81.8515375764	0.6	(0, 0, 0, 0, 0)	(0, 0, 0, 0, 0)
73	96	144	35.0792303899	0.3	(0, 0, 0, 0, 0)	(0, 0, 0, 0, 0)
74	96	146	35.5677940388	0.3	(0, 0, 0, 0, 0)	(0, 0, 0, 0, 0)
75	96	146	82.9915194238	0.6	(0, 0, 0, 0, 0)	(0, 0, 0, 0, 0)
76	96	148	36.0590569481	0.3	(0, 0, 0, 0, 0)	(0, 0, 0, 0, 0)
77	96	150	34.1161442742	0.3	(0, 0, 0, 0, 0)	(0, 0, 0, 0, 0)
78	98	144	35.5677940388	0.3	(0, 0, 0, 0, 0)	(0, 0, 0, 0, 0)
79	98	146	33.6551198182	0.3	(0, 0, 0, 0, 0)	(0, 0, 0, 0, 0)
80	98	148	34.1161442742	0.3	(0, 0, 0, 0, 0)	(0, 0, 0, 0, 0)
81	98	150	34.5796743102	0.3	(0, 0, 0, 0, 0)	(0, 0, 0, 0, 0)
82	98	152	35.0457031725	0.3	(0, 0, 0, 0, 0)	(0, 0, 0, 0, 0)
83	98	154	35.5142241795	0.3	(0, 0, 0, 0, 0)	(0, 0, 0, 0, 0)
84	98	156	35.9852307208	0.3	(0, 0, 0, 0, 0)	(0, 0, 0, 0, 0)
85	100	146	34.1161442742	0.3	(0, 0, 0, 0, 0)	(0, 0, 0, 0, 0)
86	100	148	34.5796743102	0.3	(0, 0, 0, 0, 0)	(0, 0, 0, 0, 0)
87	100	150	35.0457031725	0.3	(0, 0, 0, 0, 0)	(0, 0, 0, 0, 0)
88	100	152	38.0509544781	0.3	(0, 0, 0, 0, 0)	(0, 0, 0, 0, 0)
89	100	154	34.7000439094	0.3	(0, 0, 0, 0, 0)	(0, 0, 0, 0, 0)
90	100	156	35.1566192462	0.3	(0, 0, 0, 0, 0)	(0, 0, 0, 0, 0)
91	102	150	35.5142241795	0.3	(0, 0, 0, 0, 0)	(0, 0, 0, 0, 0)
92	102	152	35.9852307208	0.3	(0, 0, 0, 0, 0)	(0, 0, 0, 0, 0)
93	102	154	36.4587162553	0.3	(0, 0, 0, 0, 0)	(0, 0, 0, 0, 0)
94	104	152	51.7258036872	0.3	(0, 0, 0, 0, 0)	(0, 0, 0, 0, 0)
95	106	154	36.0769163917	0.3	(0, 0, 0, 0, 0)	(0, 0, 0, 0, 0)
96	108	156	37.0067013038	0.3	(0, 0, 0, 0, 0)	(0, 0, 0, 0, 0)
