1	20	20	0.0	0.0	(0, 0, 0, 0, 0)	(0, 0, 0, 0, 0)	sph
2	20	22	0.0	0.0	(0, 0, 0, 0, 0)	(0, 0, 0, 0, 0)	sph
3	20	24	0.0	0.0	(0, 0, 0, 0, 0)	(0, 0, 0, 0, 0)	sph
4	20	26	0.0	0.0	(0, 0, 0, 0, 0)	(0, 0, 0, 0, 0)	sph
5	20	28	0.0	0.0	(0, 0, 0, 0, 0)	(0, 0, 0, 0, 0)	sph
6	20	30	0.0	0.0	(0, 0, 0, 0, 0)	(0, 0, 0, 0, 0)	sph
7	28	28	0.0	0.0	(0, 0, 0, 0, 0)	(0, 0, 0, 0, 0)	sph
8	28	30	0.0	0.0	(0, 0, 0, 0, 0)	(0, 0, 0, 0, 0)	sph
9	28	32	0.0	0.0	(0, 0, 0, 0, 0)	(0, 0, 0, 0, 0)	sph
10	28	34	0.0	0.0	(0, 0, 0, 0, 0)	(0, 0, 0, 0, 0)	sph
11	28	36	0.0	0.0	(0, 0, 0, 0, 0)	(0, 0, 0, 0, 0)	sph
12	50	58	0.0	0.0	(0, 0, 0, 0, 0)	(0, 0, 0, 0, 0)	sph
13	50	62	0.0	0.0	(0, 0, 0, 0, 0)	(0, 0, 0, 0, 0)	sph
14	50	64	0.0	0.0	(0, 0, 0, 0, 0)	(0, 0, 0, 0, 0)	sph
15	50	66	0.0	0.0	(0, 0, 0, 0, 0)	(0, 0, 0, 0, 0)	sph
16	50	68	0.0	0.0	(0, 0, 0, 0, 0)	(0, 0, 0, 0, 0)	sph
17	50	70	0.0	0.0	(0, 0, 0, 0, 0)	(0, 0, 0, 0, 0)	sph
18	50	72	0.0	0.0	(0, 0, 0, 0, 0)	(0, 0, 0, 0, 0)	sph
19	50	74	0.0	0.0	(0, 0, 0, 0, 0)	(0, 0, 0, 0, 0)	sph
20	64	88	12.35730678	0.3	(0, 0, 0, 0, 0)	(0, 0, 0, 0, 0)	def
21	64	90	15.6498246393	0.3	(0, 0, 0, 0, 0)	(0, 0, 0, 0, 0)	def
22	64	92	17.7226584171	0.3	(0, 0, 0, 0, 0)	(0, 0, 0, 0, 0)	def
23	64	94	18.7332905809	0.3	(0, 0, 0, 0, 0)	(0, 0, 0, 0, 0)	def
24	64	96	19.5132880008	0.3	(0, 0, 0, 0, 0)	(0, 0, 0, 0, 0)	def
25	64	98	20.1838791693	0.3	(0, 0, 0, 0, 0)	(0, 0, 0, 0, 0)	def
26	66	90	15.2434823547	0.3	(0, 0, 0, 0, 0)	(0, 0, 0, 0, 0)	def
27	66	92	17.5477867612	0.3	(0, 0, 0, 0, 0)	(0, 0, 0, 0, 0)	def
28	66	94	17.8469753978	0.3	(0, 0, 0, 0, 0)	(0, 0, 0, 0, 0)	def
29	66	96	19.5437380853	0.3	(0, 0, 0, 0, 0)	(0, 0, 0, 0, 0)	def
30	66	98	18.5967791675	0.3	(0, 0, 0, 0, 0)	(0, 0, 0, 0, 0)	def
31	66	100	20.7942261735	0.3	(0, 0, 0, 0, 0)	(0, 0, 0, 0, 0)	def
32	66	102	21.0856870294	0.3	(0, 0, 0, 0, 0)	(0, 0, 0, 0, 0)	def
33	68	102	19.7445022346	0.3	(0, 0, 0, 0, 0)	(0, 0, 0, 0, 0)	def
34	68	104	20.8042711038	0.3	(0, 0, 0, 0, 0)	(0, 0, 0, 0, 0)	def
35	70	100	21.0608023836	0.3	(0, 0, 0, 0, 0)	(0, 0, 0, 0, 0)	def
36	70	108	22.7384076406	0.3	(0, 0, 0, 0, 0)	(0, 0, 0, 0, 0)	def
37	72	104	20.9195545938	0.3	(0, 0, 0, 0, 0)	(0, 0, 0, 0, 0)	def
38	82	116	0.0	0.0	(0, 0, 0, 0, 0)	(0, 0, 0, 0, 0)	sph
39	82	118	0.0	0.0	(0, 0, 0, 0, 0)	(0, 0, 0, 0, 0)	sph
40	82	120	0.0	0.0	(0, 0, 0, 0, 0)	(0, 0, 0, 0, 0)	sph
41	82	122	0.0	0.0	(0, 0, 0, 0, 0)	(0, 0, 0, 0, 0)	sph
42	82	124	0.0	0.0	(0, 0, 0, 0, 0)	(0, 0, 0, 0, 0)	sph
43	82	126	0.0	0.0	(0, 0, 0, 0, 0)	(0, 0, 0, 0, 0)	sph
44	82	128	0.0	0.0	(0, 0, 0, 0, 0)	(0, 0, 0, 0, 0)	sph
45	82	130	0.0	0.0	(0, 0, 0, 0, 0)	(0, 0, 0, 0, 0)	sph
46	82	132	0.0	0.0	(0, 0, 0, 0, 0)	(0, 0, 0, 0, 0)	sph
47	90	142	36.8397399342	0.3	(0, 0, 0, 0, 0)	(0, 0, 0, 0, 0)	def
48	92	142	33.6298101981	0.3	(0, 0, 0, 0, 0)	(0, 0, 0, 0, 0)	def
49	92	144	34.110230866	0.3	(0, 0, 0, 0, 0)	(0, 0, 0, 0, 0)	def
50	94	144	43.8528664465	0.3	(0, 0, 0, 0, 0)	(0, 0, 0, 0, 0)	def
51	96	144	45.5258252	0.3	(0, 0, 0, 0, 0)	(0, 0, 0, 0, 0)	def
52	96	148	36.0590569481	0.3	(0, 0, 0, 0, 0)	(0, 0, 0, 0, 0)	def
53	96	150	34.1161442742	0.3	(0, 0, 0, 0, 0)	(0, 0, 0, 0, 0)	def
54	98	144	47.0704186309	0.3	(0, 0, 0, 0, 0)	(0, 0, 0, 0, 0)	def
55	98	146	33.6551198182	0.3	(0, 0, 0, 0, 0)	(0, 0, 0, 0, 0)	def
56	98	148	34.1161442742	0.3	(0, 0, 0, 0, 0)	(0, 0, 0, 0, 0)	def
57	98	150	34.5796743102	0.3	(0, 0, 0, 0, 0)	(0, 0, 0, 0, 0)	def
58	98	152	35.0457031725	0.3	(0, 0, 0, 0, 0)	(0, 0, 0, 0, 0)	def
59	98	154	35.5142241795	0.3	(0, 0, 0, 0, 0)	(0, 0, 0, 0, 0)	def
60	98	156	35.9852307208	0.3	(0, 0, 0, 0, 0)	(0, 0, 0, 0, 0)	def
61	100	146	34.1161442742	0.3	(0, 0, 0, 0, 0)	(0, 0, 0, 0, 0)	def
62	100	148	34.5796743102	0.3	(0, 0, 0, 0, 0)	(0, 0, 0, 0, 0)	def
63	100	150	35.0457031725	0.3	(0, 0, 0, 0, 0)	(0, 0, 0, 0, 0)	def
64	100	152	38.0509544781	0.3	(0, 0, 0, 0, 0)	(0, 0, 0, 0, 0)	def
65	100	154	34.7000439094	0.3	(0, 0, 0, 0, 0)	(0, 0, 0, 0, 0)	def
66	100	156	35.1566192462	0.3	(0, 0, 0, 0, 0)	(0, 0, 0, 0, 0)	def
67	102	150	35.5142241795	0.3	(0, 0, 0, 0, 0)	(0, 0, 0, 0, 0)	def
68	102	152	35.9852307208	0.3	(0, 0, 0, 0, 0)	(0, 0, 0, 0, 0)	def
69	102	154	36.4587162553	0.3	(0, 0, 0, 0, 0)	(0, 0, 0, 0, 0)	def
70	104	152	51.7258036872	0.3	(0, 0, 0, 0, 0)	(0, 0, 0, 0, 0)	def
71	106	154	36.0769163917	0.3	(0, 0, 0, 0, 0)	(0, 0, 0, 0, 0)	def
72	108	156	37.0067013038	0.3	(0, 0, 0, 0, 0)	(0, 0, 0, 0, 0)	def
